sub-02Contchan21
28 231 223 43.27 58.37-3.64
sub-06Contchan1
95 235 139 28.35 53.40-19.49
sub-06Contchan4
121 127 79 46.07 52.64 18.81
sub-09Contchan27
253 116 109 38.08 48.25 39.68
sub-09Contchan28
54 49 212 40.61 46.68 38.81
sub-10Contchan13
185 135 211 53.05 42.63 8.79
sub-12Contchan17
131 141 54 55.50 31.71 16.37
sub-12Contchan21
150 36 13 38.83 61.05-6.59
sub-12Contchan22
174 155 56 39.79 60.67-5.84
sub-13Contchan8
243 249 8 23.80 64.58-7.59
sub-13Contchan9
126 220 62 24.92 64.89-7.11
sub-13Contchan10
213 207 160 27.05 64.77-7.40
sub-13Contchan11
1 97 231 29.12 63.89-8.81
sub-13Contchan12
173 97 161 31.35 63.40-8.87
sub-13Contchan13
62 146 250 34.63 62.02-9.34
sub-14Contchan14
217 72 174 24.80 51.65-20.73
sub-14Contchan15
91 252 21 25.96 52.31-20.34
sub-14Contchan16
64 207 22 29.57 53.83-19.04
sub-14Contchan17
135 204 188 32.97 53.65-18.26
sub-14Contchan18
36 112 89 44.33 55.27-7.88
sub-19Contchan18
145 63 81 25.72 45.08-23.45
sub-19Contchan19
232 226 203 28.23 47.80-22.11
sub-19Contchan20
236 46 132 32.39 51.50-19.56
sub-19Contchan31
160 233 169 56.71 26.24 17.74
sub-19Contchan32
99 189 208 55.75 31.45 15.20
sub-20Contchan15
153 22 235 24.03 53.44-19.75
sub-20Contchan16
14 134 30 28.81 55.62-18.07
sub-20Contchan17
97 207 62 31.27 56.26-17.11
sub-20Contchan18
226 182 96 34.70 55.76-16.28
sub-20Contchan23
63 64 196 40.60 56.36 24.22
sub-20Contchan24
13 175 158 42.16 55.34 23.26
sub-21Contchan14
190 249 98 42.76 48.82 32.98
sub-23Contchan11
66 224 206 26.94 57.93-16.56
sub-23Contchan12
118 23 144 30.44 57.97-15.99
sub-23Contchan13
48 136 91 32.89 58.31-14.94
sub-23Contchan14
80 185 132 36.30 57.51-14.05
sub-23Contchan15
202 52 173 38.56 57.25-12.73
sub-23Contchan16
13 204 173 39.64 57.04-12.01
